0000000000000000000000000000000000000000000000000000000000000000000000000000000000000000000000000000000000000000000000000000000000000000000000000000000000000000000000000000000000000000000000000000000000000000000000000000000000000000000000000000000000
0000000000000000000000000000000000000000000000000000000000000000000000000000000000000000000000000000000000000000000000000000000000000000000000000000000000000000000000000000000000000000000000000000000000000000000000000000000000000000000000000000000000
0000000000000000000000000000000000000000000000000000000000000000000000000000000000000000000000000000000000000000000000000000000000000000000000000000000000000000000000000000000000000000000000000000000000000000000000000000000000000000000000000000000000
0000000000000000000000000000000000000000000000000000000000000000000000000000000000000000000000000000000000000000000000000000000000000000000000000000000000000000000000000000000000000000000000000000000000000000000000000000000000000000000000000000000000
0000000000000000000000000000000000000000000000000000000000000000000000000000000000000000000000000000000000000000000000000000000000000000000000000000000000000000000000000000000000000000000000000000000000000000000000000000000000000000000000000000000000
000000000000000000000000000000000000000000000000000000000000000000000000000000000000000000000000000000000000000000000000000000000000000000000000000000000000000000000000000000000000000000000000000000000000000000000000000000000000000000000000                   0000000000
0000000000000000000000000000000000000000000000000000000000000000000000000000000000000000000000000000000000000000000000000000000000000000000000000000000000000000000000000000000000000000000000000000000000000000000000000000000000000000000000000000000000
0000                                                                                                                                                                            000000000000000000000000000000000000000000000000000000000000000000000000000000000000000000000000000000000000000000000000000000000000000000000000000000000000000000000000000000000000000000000000000000000000000000000000000000000000000000000000000000
0000000000000000000000000000000000000000000000000000000000000000000000000000000000000000000000000000000000000000000000000000000000000000000000000000000000000000000000000000000000000000000000000000000000000000000000000000000000000000000000000000000000
0000000000111111111111111111111111111111110000001111111100000000001111000000000001111111111111111111111111111111100000000001111111111111111111111111111000000000011110000011110000000000111100000000001111000000111111111111111111111111111111110000000000
00000000011111111111111111111111111111111100000111111111100000000011111000000000111111111111111111111111111111111000000000011111111111111111111111111110000000001111100000111110000000001111100000000011111000001111111111111111111111111111111110              00000000
0000000001111111111111111111111111111111110000011111111110000000001111100000000011111111111111111111111111111111100000000001111111111111111111111111111000000000111110000011111000000000111110000000001111100000111111111111111111111111111111111000000000
0000000001111111111111111111111111111111110000011111111110000000001111100000000011111111111111111111111111111111100000000001111111111111111111111111111000000000111110000011111000000000111110000000001111100000111111111111111111111111111111111000000000










































0000000001111111111111111111111111111111110000011111111110000000001111100000000011111111111111111111111111111111100000000001111111111111111111111111111000000000111110000011111000000000111110000000001111100000111111111111111111111111111111111000000000
00000000011111100000000000000                                                                                                                                                                            00000000111110000011111111111111111111111111110000011111111110000111111111111111000011111000000000000001111111111111111111000001111000000000000000000011111111111111111111111100000111110000000000000000000000111111000000000
0000000001111100000000000000000000000111110000011111111111111111111111111110000011111111110000111111111111110000011111000000000000001111111111111111111000001111000000000000000000011111111111111111111111100000111110000000000000000000000011111000000000
0000000001111100000000000000000000000111110000011111111111111111111111111110000011111111110000111111111111110000011111000000000000001111111111111111111000001111000000000000000000011111111111111111111111100000111110000000000000000000000011111000000000
0000000001111100000000000000000000000111110000011111111111111111111111111110000011111111110000111111111111110000011111000000000000001111111111111111111000001111000000000000000000011111111111111111111111100000111110000000000000000000000011111000000000
00000000011111                                                                                                                                                                            00000000000000000000000111110000011111111111111111111111111110000011111111110000111111111111110000011111000000000000001111111111111111111000001111000000000000000000011111111111111111111111100000111110000000000000000000000011111000000000
0000000001111100000111111111111110000111110000000000111110000000001111111110000000000000000000000000000000001111100000000000000000000000000000111111111111111111000001111100000000000000111110000111111111100000111110000111111111111110000011111000000000
0000000001111100000111111111111110000111110000000000111110000000001111111110000000000000000000000000000000001111100000000000000000000000000000111111111111111111000001111100000000000000111110000111111111100000111110000111111111111110000011111000000000
000000000111110                                                                                                                                                                            000011111111111					1110000111110000000000111110000000001111111110000000000000000000000000000000001111100000000000000000000000000000111111111111111111000001111100000000000000111110000111111111100000111110000111111111111110000011111000000000
0000000001111100000111111111111110000111110000000000111110000000001111111110000000000000000000000000000000001111100000000000000000000000000000111111111111111111000001111100000000000000111110000111111111100000111110000111111111111110000011111000000000
0000000001111100000111111111111110000111110000000000111110000000001111111110000000000000000000000000000000000111100000000000000000000000000000111111111111111111000001111100000000000000111110000111111111000000111110000111111111111110000011111000000000
0000000001111100000111111111111110000111110000011111000001111000000000000001111100000000000000000                                                                                                                                                                            000000000000000011111111110000111110000000000000011111000001111000000000011111111111111111110000111110000000000111110000111111111111110000011111000000000
0000000001111100000111111111111110000111110000011111000001111000000000000001111100000000000000000000000000000000011111111110000111110000000000000011111000001111000000000011111111111111111110000111110000000000111110000111111111111110000011111000000000
00000000011111                                                                                                                                                                            00000111111111111110000111110000011111000001111000000000000001111100000000000000000000000000000000011111111110000111110000000000000011111000001111000000000011111111111111111110000111110000000000111110000111111111111110000011111000000000
0000000001111100000111111111111110000111110000011111000001111000000000000001111100000000000000000000000000000000011111111110000111110000000000000011111000001111000000000011111111111111111110000111110000000000111110000111111111111110000011111000000000
00000000011111000001111111111111100001111100000000001111100000000011111111111111111110000011110000011111000000000111111111111111111111111111100000000000000011111111111111000000000111111111100000000000000000001111100001111111111111100000111110000000000000000001111100000111111111111110000111110000000000111110000000001111111111111111111000001111000001111100000000011111111111111111111111111111000000000000001111111111111100000000011111111110000000000000000000111110000111111111111110000011111000000000
00000000011111000001111                                                                                                                                                                            11111111110000111110000000000111110000000001111111111111111111000001111000001111100000000011111111111111111111111111111000000000000001111111111111100000000011111111110000000000000000000111110000111111111111110000011111000000000
00000000011111000001111111111111100001111100000000001111100000000011111111111111111110000011110000011111000000000111111111111111111111111111110000000000000011111111111111000000000111111111100000000000000000001111100001111111111111100000111110000000000000000001111100000111111111111110000111110000000000111110000000001111111111111111111000001111000001111100000000011111111111111111111111111111000000000000001111111111111100000000011111111110000000000000000000111110000111111111111110000011111000000000
000000000111110000000000000000                                                                                                                                                           
















                 0000000111					110000000000000000000111111111100000000011111000001111111111111111111111111111000000000000001111111111111100000111111111000000000000000000000000111111111000000000000000111110000000000000000000000011111000000000
0000000001111100000000000000000000000111110000000000000000000111111111100000000011111000001111111111111111111111111111000000000000001111111111111100000111111111000000000000000000000000111111111000000000000000111110000000000000000000000011111000000000
0000000001111100000000000000000000000111110000000000000000000111111111100000000011111000001111111111111111111111111111000000000000001111111111111100000111111111000000000000000000000000111111111000000000000000111110000000000000000000000011111000000000
00000000011111000000000000000000000001111100000000000000000001111111111000000000111110000011111111                                                                                                                                                                            1111111111111111111100000000000000111111111111110000011111111100000000000000000000000011111111100000000000000011111000000000000                                                                                                                                                                            0000000000011111000000000
0000000001111111111111111111111111111111110000000000000000000111111111100000000011111000001111111111111111111111111111000000000000001111111111111100000111111111000000000000000000000000111111111000000000000000111111111111111111111111111111111000000000
000000000111111111111111111111111                                                                                                                                                                            1111111110000011111000001111000001111100001111100000111110000111110000011110000011111000001111000001111100000111100000111110000111110000011111000011111000001111000001111100000111111111111111111111111111111111000000000
00000000011111111111111111111111111111111100000111110000011110000011111000011111000001111100001111100000111100000111110000011110000011111000001111000001111100001111100000111110000111110000011110000011111000001111111111111111111111111111111110000000000000000001111111111111111111111111111111110000011111000001111000001111100001111100000111110000111110000011110000011111000001111000001111100000111100000111110000111110000011111000011111000001111000001111100000111111111111111111111111111111111000000000
00000000011111111111111111111111111111111100000111110000011110000011111000011111000001111100001111100000111100000111110000011110000011111000001111000001111100001111100000111110000111110000011110000011111000001111111111111111111111111111111110000000000000000000000000000000000000000000000000000000011111111110000111110000000001111111111111111111111111111100000000011111000000000000001111111111111100000000000000111110000000000000011111111111111111111111100000000000000000000000000000000000000000000000
0000000000000000000000000000000000000000000000011111111110000111110000000001111111111111111111111111111100000000011111000000000000001111111111111100000000000000111110000000000000011111111111111111111111100000000000000000000000000000000000000000000000
0000000000000000000000000000000000000000000000011111111110000111110000000001111111111111111111111111111100000000011111000000000000001111111111111100000000000000111110000000000000011111111111111111111111100000000000000000000000000000000000000000000000
0000000000000000000000000000000000000000000000011111111110000111110000000001111111111111111111111111111100000000011111000000000000001111111111111100000000000000111110000000000000011111111111111111111111100000000000000000000000000                                                                                                                                                                            000000000000000000000
0000000000000000000000000000000000000000000000011111111110000111110000000001111111111111111111111111111100000000011111000000000000001111111111111100000000000000111110000000000000011111111111111111111111100000000000000000000000000000000000000000000000000000000011                                                                                                                                                                            1100000111111111000001111111111111100000111111111000001111111110000011111111111111111111111111111111111111111111111111111111100001111100000111110000000000000000000111100000111111111111110000000000111100000000001111000001111111110000000000
000000000111110000011111111100000111111111111110000011111111100000111111111000001111111                                                                                                                                                                                                                                                                                                                                                        1111111111111111111111111111111111111111111111111100000111100000111110000000000000000000111100000111111111111110000000000111100000000001111000001111111111000000000
0000000001111100000111111111000001111111111111100000111111111000001111111110000011111111111111111111111111111111111111111111111111111111100000111100000111110000					000000000000000111100000111111111111110000000000111100000000001111000001111111111000000000
000000000111110000011111111100000111111111111110000011111111100000111111111000001111111111111111111                                                                                                                                                                            1111111111111111111111111111111111111100000111100000111110000000000000000000111100000111111111111110000000000111100000000001111000001111111111000000000
0000000001111100000111111111000001111111111111100000111111111000001111111110000011111111111111111111111111111111111111111111111111111111100001111100000111110000000000000000000111100000111111111111110000000001111100000000001111000001111111111000000000
0000000001111100000000001111000001111100001111111111111111111000000000000001111111111000000000111111111100000000000000000000000111110000011111111111111111111111000000000000000000000000111110000000000000011111111100000000000000111110000011111000000000
0000000001111100000000001111000001111100001111111111111111111000000000000001111111111000000000111111111100000000000000000000000111110000011111111111111111111111000000000000000000000000111110000000000000011111111100000000000000111110000011111000000000
0000000001111100000000001111000001111100001111111111111111111000000000000001111111111000000000111111111100000000000000000000000111110000011111111111111111111111000000000000000000000000111110000000000000011111111100000000000000111110000011111000000000
0000000001111100000000001111000001111100001111111111111111111000000000000001111111111000000000111111111100000000000000000000000111110000011111111111111111111111000000000000000000000000111110000000000000011111111100000000000000111110000011111000000000
000000000                                                                                                                                                                            0111100000000011111100001111100001111111111111111111000000000000001111111111000000000111111111100000000000000000000000111110000011111111111111111111111000000000000000000000000111110000000000000111111111100000000000000111110000011110000000000
0000000000000000000111111111111111111111                                                                                             111111111111000001111000001111111110000000000111111111000001111111110000000000000001111000000000011111000011111000001111000000000011111111100000111111111111111111111111111100000000000000111110000000000000000000
0000000000000000000111111111111111111111111111111111000001111000001111111110000000000111111111000001111111110000000000000001111000000000011111000011111000001111000000000011111111100000111111111111111111111111111100000000000000111110000000000000000000
0000000000000000000111111111111111111111111111111111000001111000001111111110000000000111111111000001111111110000000000000001111000000000011111000011111000001111000000000011111111100000111111111111111111111111111100000000000000111110000000000000000000
0000000000000000000111111111111111111111111111111111000001111000001111111110000000000111111111                                                                                                                                                                            000001                                                                                                                                                                            111111110000000000000001111000000000011111000011111000001111000000000011111111100000111111111111111111111111111100000000000000111110000000000000000000
0000000000000000000111110000111110                                                                                                                                                                            000000000000000000000000000111111111111111111111111000011111000000000000001111111111111110000111110000011111000011111111111111111111111111111000011111111110000111110000000001111111111111100000111110000000000000000000
0000000000000000000111110000111110000000000000000000000000000111111111111111111111111000001111000000000000001111111111111110000111110000011111000011111111111111111111111111111000011111111110000111110000000000111111111111110000111110000000000000000000
0000000000000000000111110000111110000000000000000000000000000111111111111111111111111000001111000000000000001111111111111110000111110000011111000011111111111111111111111111111000011111111110000111110000000000111111111111110000111110000000000000000000
000000000000000000011111000011111000000000000000000000000000011111111111111111111111100000111100000000000                                                                                                                                                                            0001111111111111110000111110000011111000011111111111111111111111111111000011111111110000111110000000000111111111111110000111110000000000000000000000000000000000000011111000011111000000000000000000000000000011111111111111111111111100000111100000000000000111111111111111000011111000001111100001111111111111111111111111111100001111111111000011111000000000011111111111111000011111000000000000000000000000000000000111111111100000000011111111100000111110000011111111100                                                                                                                                                                            00011111111111111000001111111111111100001111111111111111111111110000000000000011111000001111000000000000000111111111111110000000001111100000000011111000000000111110000011111000000000
0000000000000011111111110000000001111111110000011111000						001111111110000011111111111111000001111111111111100001111111111111111111111110000000000000011111000001111000000000000000111111111111110000000001111100000000011111000000000111110000011111000000000
000000000000001111111111000000000111111111000001111100000111111111000001111111111111100000111111111                                                                                                                                                                            1111100001111111111111111111111110000000000000011111000001111000000000000000111111111111110000000001111100000000011111000000000111110000011111000000000
000000000000001111111111000000000111111111000001111100000111111111000001111111111111100000111111111111110000111111111111111111111111000000000000001111100000111100000000000000011111111111111000000000111110000000001111100000000011111000001111100000000000000000000000111111111100000000011111111100000111110000011111111100000111111111111110000111111111111111000011111111111111111111111100000000000000111110000011110000000000000001111111111111100000000011111000000000111110000000001111100000111110000000000000000001111111111111111111111111111100000000000000000000000000001111100000000000000111111111111110000011110000000000000001111111111111111111111100000000001111000001111100000000011111000001111111110000011111000000000111110000111110000011111000000000
0000000001111111111111111111111111111100000000000000000000000000001111100000000000000111111111111110000011110000000000000001111111111111111111111100000000001111000001111100000000011111000001111111110000011111000000000111110000111110000011111000000000
0000000001111111111111111111111111				111100000000000000000000000000001111100000000000000111111111111110000011110                                                       					                                                                                                                     000000000000001111111111111111111111100000000001111000001111100000000011111000001111111110                                                                                                                                                                            000011111000000000111110000111110000011111000000000
0000000001111111111111111111111111111100000000000000000000000000001111100000                                                                                                                                                                            000000000111111111111110000011110000000000000001111111111111111111111100000000001111000001111100000000011111000001111111110000011111000000000111110000111110000011111000000000
0000000000000011111000000000000000000011111111100000000000000000001111100000000000000111111111100000000000001111111111111111111100000000000001111100000111111111000000000000000111111111000001111100000000000001111100000000000000000001111100000000000000
0000000000000011111000                                                                                                                                                                            000000000000000011111111100000000000000000001111100000000000000111111111000000000000001111111111111111111000000000000000111100000111111111000000000000000111111111000001111000000000000000111100000000000000000001111100000000000000
000000000				0000011111000000000000000000011111111100000000000000000001111100000000000000111111111000000000000001111111111111111111000000000000000111100000111111111000000000000000111111111000001111000000000000000111100000000000000000001111100000000000000
0000000000000011111000000000000000000011111111100000000000000000001111100000000000000111111111000000000000001111111111111111111000000000000000111100000111111111000000000000000111111111000001111000000000000000111100000000000000000001111100000000000000
0000000000000011111000000000000000000011111111100000000000000000001111100000                                                                                                                                                                            000000000111111111000000000000001111111111111111111000000000000000111100000111111111000000000000000111111111000001111000000000000000111100000000000000000001111100000000000000                                                                                                                                                                               
0000000000000																	000000000000000000000000000001111111111111111111111110000011111111111111111110000111110000000001111100000000000000000001111100000000000000111111111000001111100000111111111000000000000000000000000111111111111111111000000000011110000000000
0000000000000000000000000000000000000000001111111111111111111111110000011111111111111111110000111110000000001111100000000000000000001111100000000000000111111111000001111100000111111111000000000000000000000000111111111111111111000000000011111000000000
0000000000000000000000000000000000000000001111111111111111111111110000011111                                                                                                                                                                            111111111111110000111110000000001111100000000000000000001111100000000000000111111111000001111100000111111111000000000000000000000000111111111111111111000000000011111000000000
0000000000000						00000000000000000000000000000111111111111111111111111000                                                                                                                




















                                                            0011111111111111111110000111110000000001111100000000000000000001111100000000000000111111111000001111100000111111111000000000000000000000000111111111111111111000000000011111000000000
0000000000000000000000000000000000000000001111111111111111111111110000011111111111111111110000111110000000001111100000000000000000001111100000000000000111111111000001111100000111111111000000000000000000000000111111111111111111000000000011111000000000
000000000111111111100000111100000000001111111110000000000000011111                                                                                                                                                                            0000000000000011111111110000000001111111111111100000000000000000001111100000000000000000000000111111111100000111100000000001111111111111100000000000000111111111111111111111111000000000
0000000001111111111000                                                                                                                                                                            001111000000000011111111100000000000000111110000000000000011111111110000000001111111111111100000000000000000001111100000000000000000000000111111111100000111100000000001111111111111100000000000000111111111111111111111111000000000
0000000001111111111000001111000000000011111111100000000000000                                                                                                                                                                                                                                                                                                                                                        1111100000000000000111111111100000000011111111111111000000000000000000011111000000000000000000000001111111111000001111000000000011111                                                                                                                                                                            11111111100000000000000111111111111111111111111000000000
0000000001111111111000001111000000000011111111100000000000000111110000000000000011111111110000000001111111111111100000000000000000001111100000000000000000000000111111111100000111100000000001111111111111100000000000000111111111111111111111111000000000                                                                                                                                                                            
0000000000111111111000001111000000000011111111100000000000000111110000000000000011111111110000000001111111111111100000000000000000001111100000000000000000000000011111111100001111100000000001111111111111100000000000000111111111111111111111111000000000                                                                                                                                                                            
0000000000000011111000001111000000000000000000000000111110000111110000011111111100000000001111000000000000001                                                                                                                                                                            111                                                                                                                                                                            100000111111111000000000011111111100000000000000000000000011111111100000000000000111111111111111000000000000001111111110000011111000000000                                                                                                                                                                                                                                                                                                                                                                                                                                                                                                                                                                                                                                                                                                                                                                                                                                                                                                                                                                                                                                                                                                                                                                                                                                                                                                                                                                                                                                                                                                                                                                                                                                                                                                                                                                                                                                                                                                                                                                                                                                                                                                                                                                                                                                                                                                                                                                                                                                                                                                                                                                                                                                                                                                                                                                                                                                                                                                                                                                                                                                                                                                                                                                                                                                                                                                                                                                                                                                                                                                                                                                                                                                                                                                                                                            
00000000000000111110													00001111000000000000000000000000111110000111110000011111111100000000001111000000000000001111100000111111111000000000011111111100000000000000000000000011111111100000000000000111111111111111000000000000001111111110000011111000000000
0000000000000011111000001111000000000000000000000000111110000111110000011111111100000000001111000000000000001111100000111111111000000000011111111100000000000000000000000011111111100000000000000111111111111111000000000000001111111110000011111000000000
0000000000000011111                                                                                                                                                                                                                                                                                                                                                        000001111000000000000000000000000111110000111110000011111111100000000001111000000000000001111100000111111111000000000011111111100000000000000000000000011111111100000000000000111111111111111000000000000001111111110000011111000000000
0000000000000011111000001111111110000011110000000000111111111111110000000001111111111111110000000001111100000000011111000000000000000000011111000011111111100000000000000000000000011111111111111111110000011111000001111111111111100001111111111000000000
0000000000000011111000001111111110000011110000000000111111111111110000000001111111111111110000000001111100000000011111000000000000000000011111000011111111110000000000000000000000011111111111111111110000011111000011111111111111000001111111111000000000
0000000000000011111000001111111110000011110000000000111111111111110000000001111111111111110000000001111100000000011111000000000000000000011111000011111111110000000000000000000000011111111111111111110000011111000011111111111111000001111111111000000000
000000000000001111100000111111111000001111000000000011111111111111000000000111111111111111000                                                                                                                                                                            0000001111100000000011111000000000000000000011111000011111111110000000000000000000000011111111111111111110000011111000011111111111111000001111111111000000000
0000000000000011111000001111111110000011110000000000111111111111110000000001111111111111110000000001111100000000011111000000000000000000011111000011111111110000000000000000000000011111111111111111110000011111000011111111111111000001111111111000000000
000000000111110000000000111100000000000000111110000000                                                                                                                                                                            0000000111111111100001111100000111110000111111111111111111100000000001111000001111111111111100000111111111111111111100000111111111000001111111111111100000111111111000001111000000000011111000000000
0000000001111100000000001111000000000000001111100000000000000111111111100001111100000111110000111111111111111111100000000001111000001111111111111100000111111111111111111100000111111111000001111111111111100000111111111000001111000000000011111000000000

000000000111110000000000                                                                                                                                                                            111100000000000000111110000000000000011111111110000111110                                                                                                                                                                            0000111110000111111111111111111100000000001111000001111111111111100000111111111111111111100000111111111000001111111111111100000111111111000001111000000000011111000000000
00000000011111000000000011110000000000000011111000000000000001111111111000011111000                                                                                                                                                                            00111110000111111111111111111100000000001111000001111111111111100000111111111111111111100000111111111000001111111111111100000111111111000001111000000000011111000000000
0000000001111100000000001111000000000000001111100000000000000                                                                                                                                                                            111111111100001111100000111110000111111111111111111100000000001111000001111111111111100000111111111111111111100000111111111000001111111111111100000111111111000001111000000000011110000000000
0000000001111111111000000000																		1111100000111100000000001111100001111100000111100000000000000011111111111111000000000000001111100000000000

00000000111111111000000000000001111100000111100000000001111000000000011111000011111000001111000000000000000000000000
0000000001111111111000000000111110000011110000000000111110000111110000011110000000000000001111111111111100000000000000111110000000000000000000111111111000000000000001111100000111100000000001111000000000011111000011111000001111000000000000000000000000
000000000111111111100000000011111000001111000000000011111000011                                                                                                                                                                            1110000011110000000000000001111111111111100000000000000111110000000000000000000111111111000000000000001111100000111100000000001111000000000011111000011111000001111000000000000000000000000
000000000111111111100000000011111000001111000000000011111000011111000001111000000000000000111111111111110000000000000011111000000000000000000011111111100000000000000111110000011110000000000111100000000001111100001




















1111000001111000000000000000000000000
0000000001111111111111111111100001111100001111100000000011111100001111100000000000000111110000000001111100000111100000000000000000000000011111000000000111111111000000000000000111100000111110000000000000011111111111111111111111000000000011110000000000
0000000001111111111111111111000001111100001111100000000001111000001111100000000000000111110000000001111100001111100000000000000000000000011111000000000111111111000000000000000111100000111110000000000000011111111111111111111111000000000011111000000000
0000000001                                                                                                                                                                                                                                                                                                                                                        111111111111111111000001111100001111100000000001111000001111100000000000000111110000000001111100001111100000000000000000000000011111000000000111111111000000000000000111100000111110000000000000011111111111111111111111000000000011111000000000
0000000001111111111111111111000001111100															0011111000000000011110000011111000000                                                                                                                                                                            00000000111110000000001111100001111100000000000000000000000011111000000000111111111000000000000000111100000111110000000000000011111111111111111111111000000000011111000000000
0000000001111111111111111111000001111100001111100000000001111000001111100000000000000111110000000001111100001111100000000000000000000000011111000000000111111111000000000000000111100000111110000000000000011111111111111111111111000000000011111000000000
0000000000000011111111111111111111111111111111111111111110000111110000011111111100000111111111000001111111111111111                                                                                                                                                                            111111111111111111111111111111111111111111111111110000011111111100000111110000000001111111111111111111111111111000000000000000000000000
000000000000001111111111111111111111111111111111111111111000011111000001111111110000011                                                                                                                                                                            1111111000001111111111111111111111111111111111111111111111111111111111111111110000011111111100000111110000000001111111111111111111111111111000000000000000000000000
00000000000000111111111111111111111111111111111111111111100001111                                                                                                                                                                            10000011111111100000                                                                                                                                                                            111111111000001111111111111111111111111111111111111111111111111111111111111111110000011111111100000111110000000001111111111111111111111111111000000000000000000000000
00000000000000111111111111111111111111111111111111111																11110000111110000011111111100000111111111000001111111111111111111111111111111111111111111111111111111111111111110000011111111100000111110000000001111111111111111111111111111000000000000000000000000
0000000000000011111111111111111111111111111111111111111110000111110000011111111100000111111111000001111111111111111111111111111111111111111111111111111111111111111110000011111111100000111110000000001111111111111111111111111111000000000000000000000000
0000000001111111111000000000111110000000000000011111000000000111111111111110000000000000000000111111111111110000011111000000000000001111111111000011111000001111111110000000000000000000000000000000001111100000000000000111111111111110000011111000000000
00000000011111111110000000001111100000                                                                                                                                                                                                                                                                                                                                                                                                                                                                                                                                                                                                                                                                                                                00000000011111000000000111111111111110000000000000000000111111111111110000011111000000000000001111111111000011111000001111111110000000000000000000000000000000001111100000000000000111111111111110000011111000000000
000000000111111111100000000011111000000000000001111100                                                                                                                                                                            0000000111111111111110000000000000000000111111111111110000011111000000000000                                                                                                                                                                            001111111111000011111000001111111110000000000000000000000000000000001111100000000000000111111111111110000011111000000000
0000000001111111111000000000111110000000000000011111000000000111111111111110000000000000000000111111111111110000011111000000000000001111111111000011111000001111111110000000000000000000000000000000001111100000000000000111111111111110000011111000000000
0000000000111111111000000000111110000000000000011111000000000111111111111110000000000000000000111111111111111000011111000000000000001111111111000011111000001111111110000000000000000000000000000000001111100000000000000111111111111110000011110000000000
0000000000000011111111111111111110000011110000011111000000000111110000000001111111111111110000111110000011111111111111000001111000001111111111000000000000001111000001111111111111111111111110000000001111100000111100000111111111000000000000000000000000
00000000000000111111111111111111100000111100000111110000                                                                                                                                                                            0000011111000000000111111111111111000011111000001111111111111100000111100000111111111100000000000000111100000111111
1111111111111111110000000001111100000111100000111111111000000000000000000000000
0000000000000011111111111111111110000011110000011111000000000111110                                                                                                                                                                            00000000111111111111111000011111000001111111111111100000111100000111111111100000000000000111100000111111111111
1111111111110000000001111100000111100000111111111000000000000000000000000
0000000000000011111111111111111110000011110000011111000000000111110000000001                                                                                                                                                                            111111111111110000111110000011111111111111000001111000001111111111000000000000001111000001111111111111111111111110000000001111100000111100000111111111000000000000000000000000
000000000011110000011111000011111																				0000000000000011111000001111000000000011110000011111111111111000000000011111111111111000000000000001111100001111100000000001111111111111100000000000000111111111000001111100000000000000111110000111110000000000000000000
000000000111110000011111000011111000000000000001111100000111100000000001111000001111111111111100000000001111111111111100000000000000111110000011110000000000111111111111110000000000																			0000111111111000001111100000000000000111110000111110000000000000000000
0000000001111100000111110000111110000000															000000011111000001111000000000011110000011111111111111000000000011111111111111000000000000001111100000111100000000001111111111111100000000000000111111111000001111100000000000000111110000111110000000000000000000
0000000001111100000111110000111110000000000000011111000001111000000000011110000011111111111111000000000011111111111111000000000000001111100000111100000000001111111111111100000000000000111111111000001111100000000000000111110000111110000000000000000000
0000000001111100000111110000111110000000000000011111000001111000000000011110000011111111111111000000000011111111111111000000000000001111100000111100000000001111111111111100000000000000111111111000001111100000000																							00000011111000																		0111110000000000000000000
00000000000000                                                                                                                                                                            00000111110000111111111111111111111111111111111000000000000000000011111111110000111110000000000000011111111111111111111111111111111100000000000000000001111111111111100000000000000000001111111111111111111111110000111111111100000000000000
0000000000000000000111110000111111111111111111111111111111111000000000000000000011111111110000111110000000000000011111111111111111111111111111111100000000000000000001111111111111100000000000000000001111111111111111111111110000111111111100000000000000
0000000000000000000111110000111111111111111111111111111111111000000000000000000011111111110000111110000000000000011111111111111111111111111111111100000000000000000001111111111111100000000000000000001111111111111111111111110000111111111100000000000000
0000000000000000000111110000111111111111111111111111111111111000000000000000000011111111110000111110000000000000011111111111111111111111111111111100000000000000000001111111111111100000000000000000001111111111111111111111110000111111111100000000000000
00000000000000000001111100001111111111111111111111111                                                                                                                                                                                                                                                                                                                                                        11111111000000000000000000011111111100000111110000000000000011111111111111111111111111111111100000000000000000001111111111111100000000000000000001111111111111111111111110000011111111100000000000000
0000000000000000000111110000000001111100000000011111111110000111110000000001111111111000000000111111111100001111111111111110000111110000011111111111111111110000111110000011111000000000111110000000000000011111000000000000000000000000000000000000000000
0000000000000000000111110000000001111100000																											000011111111110000111110000000001111111111000000000111111111100001111111111111110000111110000011111111111111111110000111110000011111000000000111110000000000000011111000000000000000000000000000000000000000000
0000000000000000000111110000000001111100000000011111111110000111110000000001111111111000000000111111111100001111111111111110000111110000011111111111111111110000111110000011111000000000111110000000000000011111000000000000000000000000000000000000000000
0000000000000000000111110000000001111100000000011111111110000111110000000001111111111000000000111111111100001111111111111110000111110000011111111111111111110000111110000011111000000000111110000000000000011111000000000000000000000000000000000000000000
0000000000000000000111110000000001111100000000011111111110000111110000000001111111111000000000011111111100001111111111111100000111110000011111111111111111110000111111000111111000000000111100000000000000011110000000000000000000000000000000000000000000
0000000001111100000000001111000000000011                                                                                                                                                                            110000011111111111111000001111100001111111111000000000000000000011111111111111000000000111110000011111000000000111111111111111111111111000000000000000000000000000000000000011111000000000111111111100000000000000
00000000011111                                                                                                                                                                                                                                                                                                                                                        00000000001111000000000011110000011111111111111000001111100001111111111000000000000000000011111111111111000000000111110000011111000000000111111111111111111111111000000000000000000000000000000000000011111000000000111111111100000000000000
0000000001111100000000001111000000000011110000011111111111                                                                                                                                                                            111000001111100001111111111000000000000000000011111111111111000000000111110000011111000000000111111111111111111111111000000000000000000000000000000000000011111000000000111111111100000000000000
00000000011111000000000011110000000000111100000111111111111110000011111000011111111110000000000000000000111111111111110000000001111100                                                                                                                                                                            00011111000000000111111111111111111111111000000000000000000000000000000000000011111000000000111111111100000000000000
0000000001111111111111111111111110000000000000000000111110000111111111111111111100000111111111111110000011111000011111000000000                                                                                                                                                                            000000000011111000011111000001111111111111111111111111111000000000011110000000000111111111000000000111110000011110000000000
00000000011111111111                                                                                                                                                                            11111111111110000000000000000000111                                                                                                                                                                            110000111111111111111111100000111111111111110000011110000011111000000000000000000011111000011111000001111111111111111111111111111000000000111110000000000111111111000000000111110000011111000000000
0000000001111111111111111111111110000000000000000000111110000111111111111111111100000111111111111110000011110000011111000000000000000000011111000011111000001111111111111111111111111111000000000111110000000000111111111000000000111110000011111000000000
0000000001111111111111111111111110000000000000000000111110000111111111111111111100000111111111111110000011110000011111000000000000000000011111000011111000001111111111111111111111111111000000000111110000000000111111111000000000111110000011111000000000
0000000001111111111111111111111110000000                                                                                                                                                                            000000000000111110000111111111111111111100000111111111111110000011110000011111000000000000000000011111000011111000001111111111111111111111111111000000000111110000000000111111111000000000111110000011111000000000
0000000001111111111111110000000001111111111111111111111111111111111111100001111100000000001111000000000011110000011111111111111111110000000000111111111111111111111111111111111111111111111111111111110000000000111111111111111111111111111111111000000000
00000000011111111111111100000000011111111111111111111111111111111111111000011111000000000011110000000000111100000111111111111111111100000000001111111111111111111111111111111111111111111111111







































1111110000000000111111111111111111111111111111111000000000
0000000001111111111111110000000001111111111111111111111111111111111111100001111100000000001111000000000011110000011111111111111111110000000000111111111111111111111111111111111111111111111111111111110000000000111111111111111111111111111111111000000000
000000000111111111111111000000000111111111111111111111111111111111111110000111110000000000111100000000001111000001111                                                                                                                                                                            1111111111111110000000000111111111111111111111111111111111111111111111111111111110000000000111111111111111111111111111111111000000000
0000000001111111111111110000000001111111111111111111111111111111111111100001111100000000011111100000000011111000011111111111111111110000000000111111111111111111111111111111111111111111111111111111110000000000111111111111111111111111111111111000000000
0000000001111111111000001111000000000000001111111111000000000000001111100001111111111111111111111111111100001111111111111110000000000000000000000000000111110000111111111111111111100000111111111000001111100000111100000111111111000000000011111000000000
00000000011111111110000011110000000000000011111                                                                                                                                                                            11111000000000000001111100001111111111111111111111111111100001111111111111110000000000000000000000000000111110000111111111111111111100000111111111000001111100000111100000111111111000000000011111000000000
0000000001111111111000001111                                                                                                                                                                                                                                                                                                                                                                                                                                                                                                                                                                                                                                                                                                                000000000000001111111111000000000000                                                                                                                                                                            001111100001111111111111111111111111111100001111111111111110000000000000000000000000000111110000111111111111111111100000111111111000001111100000111100000111111111000000000011111000000000
0000000001111111111000001111000000000000001111111111000000000000001111100001111111111111111111111111111100001111111111111110000000000000000000000000000111110000111111111111111111100000111111111000001111100000111100000111111111000000000011111000000000
000000000111111111111111111111111000001111000000000000000000001111111110000000001111111111111110000                                                                                                                                                                            1111100001111110000111110000011111111111110000000000111110000111110000000001111111111000000000000001111111111111111111111111111000001111111111000000000
0000000001111111111111111111111110000011110000000000000000000111111111100000000011111111111111000001111100001111100000111110000111111111111111000000000111110000111110000000000111111111000000000000001111111111111111111111111111000001111111111000000000
000000000111111111111111111111111000001111000000000000000000011111111110000000001111111111111100000111110000111110000011111000011111111111111100000000011111000011111000000000011111111100000000000000111111111111111111111111111100
0001111111111000000000
0000000001111111111111111111111110000011110000000000000000000111111111100000000011111111111111000001111100001111100000                                                                                                                                                                            111110000111111111111111000000000111110000111110000000000111111111000000000000001111111111111111111111111111000001111111111000000000
0000000001111111111111111111111110000011110000000000000000000111111111100000000011111111111111000001111100001111100000111110000111111111111111000000000111110000111110000000000111111111000000000000001111111111111111111111111111000001111111111000000000
000000000111111111100000111111111111110000000000000                                                                                                                                                                            01111111111111111111000001111111                                                                                                                                                                            11000001111111111111100000000000000111111111111110000011111111111111000000000111110000011111000000000111110000000000000011111000011111000000000000001111111111000000000
0000000001111111111000001111111                                                                                                                                                                                                                                                                                                                                                        111111100000000000000111111111111111111100001111111111000001111111111111100000000000000111111111111110000011111111111111000000000111110000011111000000000111110000000000000011111000011111000000000000001111111111000000000
0000000001111111111000001111111111111100000000000000111111111111111111100001111111111000001111111111111100000000000000111111111111110000011111111111111000000000111110000011111000000000111110000000000000011111000011111000000000000001111111111000000000
0000000001111111111000001111111111111100000000000000111111111111111111100001111111111000001111111111111100000000000000111111111111110000011111111111111000000000111110000011111000000000111110000000000000011111000011111000000000000001111111111000000000
0000000001111111111000001111111111111100000000000000111111111111111111100000111111111000001111111111111100000000000000111111111111110000011111111111111000000000111110

000011110000000000111110000000000000011111000011111000000000000001111111110000000000
0000000001111111111000000000111110000011111111100000111111111111111111100000000000000000000000111110000011110000011111111111111111111111111111111111111000001111000000000000000000011111000000000111110000011111000000000111110000000000000000000000000000
000000000111111111100000000011111000001111111110000011111111111111111110000000000000000000000011111000001111000001111111111111111111111111111111111111100000111100000000000000000001111100000000011111000001111100000000011111000000000000000000























0000000000
0000000001111111111000000000111110000011111111100000111111111111111111100


000000000000000000000111110000011110000011111111111111111111111111111111111111000001111000000000000000000011111000000000111110000011111000000000111110000000000000000000000000000
000000000                                                               


                                                                               


                              1111111111000000000111110000011111111100000111111111111111111100000000000000000000000111110000011110000011111111111111111111111111111111111111000001111000000000000000000011111000000000111110000011111000000000111110000000000000000000000000000
000000000011111111100000000011111000001111111110000111111111111111111110000



0000000000000000000111110000011110000011111111111111111111111111111111111111000001111000000000000000000001111000000000111110000011111000000000111110000000000000000000000000000
0000000000000011111000001111000001111100000000011111111111111111111111100001









111111111000000000111110000000000000011111111111111000000000000000111111111111110000111111111100000000000000111110000111110000000000111100000000001111111111111100000000000000
0000000000000011111000001111000001111100000000011111111111111111111111100001111111111000000000111










110000000000000011111111111111000000000000000111111111111110000111111111100000000


000000111110000111110000000000111100000000001111111111111100000000000000
000000000000001111100000111100000111110000000001111111111111111111111110000111111111100



0000000111110000000000000011111111111111000000000000000111111111111110000111111111100000000000000111110000111110000000000111100000000001111111111111100000000000000
0000000000000011111000001111000001111100000000011111111111111111111111100001111111111000000000



111110000000000000011111111111111000000000000000111111111111110000111111111100000000000000111110000111110000000000111100000000001111111111111100000000000000
000000000000001111100000111111111111111111000000000011111111111111111110000111111111111111111111111111111111111111111100000000000000000000





0000000011111000000000000001111100000111111111111111111111111111111111111100000111110000111111111111110000000000
000000000000001111100000111111111111                                                                                                                                                                            1111110000000000111111111111111111100001111111111111111111111111111111111111111111000000000000000000000000000011111000000000000001111100000111111111111111111111111111111111111100000111110000111111111111111000000000
000000000000001111100000111111111111111111000000000011                                                                                                                                                                            1111111111111111100001111111111111111111111111111111111111111111000000000000000000000000000011111000000000000001111100000111111111111111111111111111111111111100000111110000111111111111111000000000
000000000000001111100000111111111111111111000000000011111111111111111110000111111111111111111111111



1111111111111111111000000000000000000000000000011111000000000000001111100000111111111111111111111111111111111111100000111110000111111111111111000000000




0000000000000011111000001111111111111111110000000000111111111111111111100001111111111111111111111111111111111111111111000000000000000000000000000011111000000000000001111100000111111111111111111111111111111111111100000111110000

















111111111111111000000000
0000000001111100000000000000000001111100000000000000111110000111111111111111111100000111111111111110000011110000000000000000000111111


111100000111100000000000000111111111100000111100000000001111000000000011111111100000111110000000000000011111000000000
00000000011111000000000000000000011111000000000000001111100001111111111111


11111100000111111111111110000011110000000000000000000111111111100000111100000000000000111111111100000111100000000001111000000000011111111100000111110000000000000011111000000000
0000000001111100000000000000000001111100000000000000111110000111111111111111111100000111111111111110000011110000000000000000000111111111100000111100000000000000111111111100000111100000000001111000000000011111111100000111110000000000000011111000000000
00000000011111000000000000000000011111000000000000001111100001111


11111111111111000001111111111111100000111100000000000000000001111111111000
00111100000000000000111111111100000111100000000001111000000000011111111100000111110000000000000011111000000000
000000000011110000000000000000000111110000000000000011
111000011111111111111111110000011111111111111000001111100


0000000000000000111111111100000111100000000000000111111111100000111100000000011111000000000011111111100000111110000000000000011110000000000
0000000000000011111000000000000001111111110000011111111111111111110000000001111111111000001111000001111111111111111111000001111000000000000000000000000111111111000000000000000000000000111111111000001111111111000011111000001111000001111100000000000000
0000000000000011111000000000000001111111110000011111111111111


1111100000000011111111110000011                                                                                                                                                                            11000001111111111111111111000001111000000000000000000000000111111111000000000000000000000000111111111000001111111111000011111000001111000001111100000000000000
0000000000000011111000000000000001111111110000011111111111111111110000000001111111111000001111000001111111111111111111000001111000000000000000000000000111111111000000000000000000000000111111111000001111111111000011111000001111000001111100000000000000
00000000000000111110000000000000011111111100000111111


11111111111110000000001111111111000001111000001111111111111111111000001111000000000000000000000000111111111000000000000000000000000111111111000001111111111000011111000001111000001111100000000000000
00000000000000111111111111110000                                                                                                                                                                            00000000001111100000111110000000001111111111111110000000001111000001111100001111110000111111111000001111000000111111111111110000000000000000000000001111000011111000001111111111111100000111110000000000000000000000000000
00000000000                                                                                                                                                                            00011111111111111000000000000001111100000111110000000001111111111111100000000001111000001111100001111100000111111111000001111100000111111111111110000000000000000000000011111000001111000001111111111111100000111110000000000000000000000000000
00000000000000111111111111110000000000000


01111100000111110000000001111111111111100000000001111000001111100001111100000111111111000001111100000111111111111110000000000000000000000011111000001111000001111111111111100000111110000000000000000000000000000
000000000000001111111111111100000000000000111110000011111000000000111111111111110000000000111100000111110
0001111100000111111111000001111100000111111111111110000000000000000000000011111000001111000001111111111111100000111110000000000000000000000000000
0000000000000011111111111111000000000000001111100000111110000000001111111111111100000000001111000001


111100001111100000111111111000001111100000111111111111110000000000000000000000011111000001111000001111111111111100000111110000000000000000000000000000
0000000001111111111111110000000000000011111111111111111111111000001111100001111111111000001111000000000000001111111111111111111111111111111111000011111000001111111110000000000000000000000000000000001111111111111111111111111111000000000000000000000000
0000000001111                         



                                                                                                                                                                                                                                                                                                                               111111111110000000000000011111111111111111111111000001111100001111111111000001111000000000000001111111111111111111111111111111111000011111000001111111110000000000000000000000000000000001111111111111111111111111111000000000000000000000000
000000000111111111111111000000000000001111111111111111111111100000111110000111111111100000111100000
0000000001111111111111111111111111111111111000011111000001111111110000000000000000000000000000000001111111111111111111111111111000000000000000000000000
0000000001111111111111110000000000000011111111111111111111111000001111100



001111111111000001111000000000000001111111111111111111111111111111111000011111000001111111110000000000000000000000000000000001111111111111111111111111111000000000000000000000000
000000000011111111111110000000000000001111111111111111111111100000111110000111111111100000111100000000000000111111
1111111111111111111111111111000011111000001111111110000000000000000000000000000000001111111111111111111111111111000000000000000000000000
0000000000000000000000000000000000000000000000011111111111111000000000011110000000000000000000111110000000001111111111000000000000001111111111000011111000001111111111111111111111100000111110000111111111100000000000000111110000000001111111111000000000
0000000000000000000000000000000000000000000000011111111111111000000000011110000000000000000000111110000000001111111111000000000000001111111111000011111000001111111111111111111111100000111110000111111111100000000000000111110000000001111111111000000000
000000000000                                                                                                                                                                                                                                                                                                                                                        0000000000                                                                                                                                                                            000000000000000000000000011111111111111000000000011110000000000000000000111110000000001111111111000000000000001111111111000011111000001111111111111111111111100000111110000111111111100000000000000111110000000001111111111000000000
0000000000000000000000000000000000000000000000011111111111111000000000011110000000000000000000111110000000001111111111000000000000001111111111000011111000001111111111111111111111100000111110000111111111100000000000000111110000000001111111111000000000
0000000000000000000                                                                                                                                                                            000000000000                                                                                                                                                                            000000000000000011111111111111000000000011110000000000000000000111110000000001111111111000000000000001111111110000001111000001111111111111111111111100000111110000111111111100000000000000111110000000000111111111000000000
0000000001                                                                                                                                                                            1111111                                                                                                                                                                            11111111111111111111111110000011111000001111000001111100000000011111000000000111111111111111111111111000001111000001111100000000000000000000000111111111111111000011111111111111000001111100000111100000111110000000000000011111000000000
0000000001111111111111111111111111111111110000011111000001111000001111100000000011111000000000111111111111111111111111000001111000001111100000000000000000000000111111111111111000011111111111111000001111100000111100000111110000000000000011111000000000
00000000011111111111111111111111111111111100000111110000011110000011111000000000111110000000001111111111111111111111110000011110000011111000000000


00000000000000111111111111111000011111111111111000001111100000111100000111110000000000000011111000000000
0000000001111111111111111111111111111111110000011111000001111000001111100000000011111000000000111111111111111111111111000001111000001111100000000000000000000000111111111111111000011111111111111000001111100000111100000111110000000000000011111000000000
00000000011111111111111111111111111111111100000111111111111110000000000111100000000001111111110000011111000000000111110000000000000011111000001


11111111111100000000000000011111111111111000011111111111111100000000000000111111111000000000011111000000000
0000000001111100000000000000000000000111110000011111111111111000000000011110000000000111111111000001111100000000011111000000000000001111100000111111111111110000000000000011111111111111000001111111111111100000000000000111111111000000000011111000000000
000000000111110000000000000                                                                                                                                                                            0000000000111110000011111111111111000000000011110000000000111111111000001111100000000011111000000000000001111100000111111111111110000000000000011111111111111000001111111111111100000000000000111111111000000000011111000000000
0000000001111100000000000                                                                                                                                                                            0000000000001111100000111111111111110































000000000111100000000001111111110000011111000000000111110000000000000011111000001111111111111100000000000000111111111111110000011111111111
11100000000000000111111111000000000011111000000000
0000000001111100000000000000000000000111110000011111111111111000000000011110000000000111111111000001111100000000011111000000000000001111100001111111111111110000000000000011111111111111000001111111111111100000000000000111111111000000000011111000000000
000000000111110000011111111111111000011111000000000011111111100000000001111111111111111111111100000000000000111111111111111111111111111
1111111111100000111111111000000000000000111100000111110000111111111111111111111111111111111111111111111111000000000
0000000001111100000111111111111110000111110000000000111111111000000000011111111111111111111111000000000000001111111111111111111111111111111111111100000111111111000000000000000111100000111110000111111111111111111111111111111111111111111111111000000000
0000000001111                                                                                                                                                                            100                                                                                                                                                                            000111111111111110000111110000000000111111111000000000011111111111111111111111000000000000001111111111111111111111111111111111111100000111111111000000000000000111100000111110000111111111111111111111111111111111111111111111111000000000
0000000001111100000111111111111110000111110000000000111111111000000000011111111111111111111111000000000000001111111111111111111111111111111111111100000111111111000000000000000111100000111110000111111111111111111111111111111111111111111111111000000000
0000000001111100000111                                                                                                                                                                            111111111110000111110000000000111111111000000000011111111111111111111111000000000000000111111111111111111111111111111111111100000111111111000000000000000111100000111110000011111111111111111111111111111111111111111111110000000000
0000000001111100000111111111111110000111110000011111000001111000001111100000000000000111111111000000000000000000011111000000000111111111111111000011111111111111000001111100000000000000111110000000001111100000000011111111111111000001111100000000000000
000000000111110000011111111111                                                                                                                                                                            1110000111110000011111000001111000001111100000000000000111111111000000000000000000011111000000000111111111111111000011111111111111000001111100000000000000111110000000001111100000000011111111111111000001111100000000000000
000000000111110000011111111111111000011111000001111100000111100000111110000000000000011111111100000000000000000001111100000000011111111111
1111000011111111111111000001111100000000000000111110000000001111100000000011111111111111000001111100000000000000
00000000011111000                                                                                                                                                                            00111111111111110000111110000011111000001111000001111100000000000000111111111000000000000000000011111000000000111111111111111000011111111111111000001111100000000000000111110000000001111100000000011111111111111000001111100000000000000
0000000001111                                                                                                                                                                            1000001111111111111100001111100000111111111100
00000001111100000111111111111110000000001111111110000000000000000000000000000111111000000000111111111111111111111110000001111111111111111110000011110000011111111111111111110000000000000000000
00000000011111000                                                                                                                                                                            0011111111111111000011111000001111111111000000000111

1100001111111111111110000000001111111110000000000000000000000000000011111000000000111111111111111111111111000011111111111111111110000011111000011111111111111111110000000000000000000
0000000001111100000111111111111110000111110000011111111110000000001111100001111111111111110000000001111111110000000000000000000000000000011111000000000111111111111111111111111000011111111111111111110000011111000011111111111111111110000000000000000000
000000000111                                                                                                                                                                            1100000111111111111110000111110000011111111110000000001111100001111111111111110000000001111111110000000000000000000000000000011111000000000111111111111111111111111000011111111111111111110000011111000011111111111111111110000000000000000000
0000000001111100000111111111111110000111110000011111111110000000001111100001111111111111110000000001111111110000000000000000000000000000011111000000000111111111111111111111111000011111111111111111110000011111000011111111111111111110000000000000000000
000000000111110000000000000000000000011111000000000011111111111111111111111000001111111111111111111111110000111110000011111000000000111111111111110000000000000000000000001111100000000011111000011
1111111111111000011111000001111111110000000000000000000
0000000001111100000000000000000000000111110000000000111111111111111111111110000011111111111111111111111100001111100000111110000000001111111111111100000000000000000000000011111000000000111110000111111
111111111000011111000001111111110000000000000000000
0000000001111100000000000000000000000111110000000000111111111111111111111110000011111111111111111111111100001111100000111110000000001111111111111100000000000000000000000011111000000000111110000111111111111111000011111000001111111110000000000000000000
000000000111110000000000000000000000011111000000000011111111111111111111111000001111111111111111111111110000111110000011111000000000111111111111110000000000000000000000001111100000000011111000011111111111111100001
1111000001111111110000000000000000000
00000000                                                                                                                                                                                                                                                                                                                                                        011111


10000000000000000000000111110000000000111111111111111111111111000011111111111111111111111100001111100000111110000000001111111111111100000000000000000000000011110000000000111110000111111111111111000011111000001111111110000000000000000000
0000000001111111111111111111111111                                                                                                                                                                            111111110000011111111111111111111111111111111100000000000000000001111111110000000000111111111000000000011111000011111111110000000000000000000000011111000001111111110000011111000000000000000000111111111111111000000000
00000000011111111111111111                                                                                                                                                                            11111111111111110000011111111111111111111111111111111100000000000000000001111111110000000000111111111000000000011111000011111111110000000000000000000000011111000001111111110000011111000000000000000000111111111111111000000000
0000000001111111111111111111111111111111110000011111111111111111111111111111111100000000000000000001111111110000000000111111111000000000011111000011111111110000000000000000000000011111000001111111110000011111000000000000000000111111111111111000000000
0000000001111111111                                                                                            
                                                                                1111















11111111111111111110000011111111111111111111111111111111100000000000000000001111111110000000000111111111000000000011111000011111111110000000000000000000000011111000001111111110000011111000000000000000000111111111111111000000000
0000000000111111111111111111111111111111110000001111111111111111111111111111111100000000000000000001111111110000000000111111111000000000011110000001111111100000000000000000000000001111000001111111110000011110000000000000000000011111111111110000000000
0000000000                                                                                                                                                                            000000000000000000000000000000000000000000000000000000



000000000000000000000000000000000000000000000000000000000000000000000000000000000000000000000000000000000000000000000000000000000000000000000000000000000000000000000000000000000000000000
000000000000000                                                                                                                                                               


                                                                                                                                                                                         0000000000000000000000000000000000000000000000000000000000000000000000000000000000000000000000000000000000000000000000000000000000000000000000000000000000000000000000000000000000000000000000000000000000000000000000000000000000000000000
0000000000000000000000000000000000000000000000000000000000000000000000000000000000000000000000000000000000000000000000000000000000000000000000000000000000000000000000000000000000000000000000000000000000000000000000000000000000000000000000000000000000
0000000000000000000000000000000000000000000000000000000000000000000000000000000000000000000000000000000000000000000000000000000000000000000000


000000000000000000000000000000000000000000000000000000000000000000000000000000000000000000000000000000000000
00000000000000000000000000000000000000000000000000000000000000000000000000000000000000000000000000000000000000000000000000000000000000


00000000000000000000000000000000000000000000000000000000000000000000000000000000000000000000000000000000000000000000
0000000000000000000000000000000000000000000000000000000000000000000000000000000000000000000000000000000000000000000000000000000000000000000000000000000000000000000000000000000000000000000000000000000000000000000000000
















000000000000000000000000000000000
                                                                                                                                                                            0000000000000000000000000000000000000000000000000
















000000000000000000000000000000000000000000000000000000000000000000000000000000000000000000000000000000000000000000000000000000000000000000000000000000000000000000000000000000000000000000000000000000000
0000000000000000000000000000000000000000000000000000000000000000000000000000000000000000000000000000000000000000000000000000000000000000000000000000000000000000000000000000000000000000000000000000000000000000000000000000000000000000000000000000000000
0000000000000000000000000000000000000000000000000000000000000000000000000000000000000000000000000000000000000000000000000000000000000000000000000000000000000000000000000000000000000000000000000000000000000000000000000000000000000000000000000000000000
